NAME : CC75
TYPE : PDPTW
DIMENSION : 151
VEHICLES : 4
CAPACITY : 15
EDGE_WEIGHT_TYPE : EXPLICIT
EDGE_WEIGHT_FORMAT : FULL_MATRIX
EDGE_WEIGHT_SECTION
0 124906 221577 174544 276902 140485 142636 118460 205961 159905 199731 106633 309046 220220 255695 155324 256949 201859 132492 192015 222928 161878 299882 245290 255927 142945 190474 197370 257332 189240 71987 172787 169599 255675 156820 179458 222873 165193 79017 228867 66528 135105 219045 129348 296935 85958 300775 98508 91325 340534 198584 132963 197725 92646 210507 39039 279717 153009 147983 209928 259204 178276 196406 164580 87175 61563 74813 126868 245939 248498 160454 278958 136209 36463 215278 171357 112900 128011 150201 127824 182365 87884 39899 30224 122155 316721 312781 288884 280562 228158 150092 105566 163457 215709 280225 214871 221915 199721 168610 84319 267268 232050 232843 188963 118006 185230 173004 241758 168787 232397 247099 239650 140657 206585 110101 268610 136784 33482 190391 272567 261259 117638 300104 263628 252125 217751 254563 305047 249923 226053 134076 155436 225342 261831 295475 180315 194369 237949 267780 247165 196128 250722 22258 31637 248897 142201 151011 202653 154534 185733 250164 
124906 0 305721 294777 401704 87695 265900 220741 265193 35074 195738 223889 334675 334962 325745 99392 132979 325112 185956 264370 139737 198150 326667 217532 378372 85532 206953 109471 339275 249055 160934 118078 77786 281388 48052 159208 104206 266838 200813 349227 72895 244656 304986 65836 312604 98188 425681 139617 211456 216592 234452 242847 218688 216199 252768 133860 157282 154557 108737 147358 148999 73217 156525 90638 141063 63586 86376 172857 312400 274290 60147 399592 244743 132802 323710 122192 229119 161433 60779 210106 175385 211846 130190 145282 120718 354998 188622 413464 403871 338884 100872 225889 144465 329922 155422 112444 319778 232333 217218 200028 392147 173363 353997 190994 239758 266851 230823 239531 94921 163213 126674 229726 218759 88160 86927 319238 249093 158383 234558 155932 280564 234563 179519 383195 360102 166907 131820 429920 195737 278405 253323 260357 303263 139763 339571 60780 286212 120098 272597 366302 317179 375520 111332 156051 124016 147147 187229 141498 265143 61264 291196 
221577 305721 0 136807 259296 356488 222035 106114 66757 335365 183941 138415 510664 306116 48039 251329 427332 245077 339784 370999 434822 372575 501458 230736 184718 252673 151410 406197 409851 72828 275118 390780 374955 139129 351753 207860 362047 309490 166703 152144 280712 275663 373968 340717 504867 307056 264671 167088 154876 505813 404698 273842 410681 211498 411356 187504 418759 182349 367390 270771 454718 376791 417430 272046 303914 256047 219441 338852 420686 137012 298521 181916 278630 189768 81707 390356 248325 152717 354834 97278 188885 208030 256933 234223 198233 508937 478273 275159 209950 95892 243976 231201 385032 108872 434650 416337 354763 121645 371856 241800 237533 451348 280268 174801 226756 38884 369219 186928 381289 289066 385141 458896 327371 349673 226864 455631 269227 205575 392871 460017 153253 247541 479293 310530 95216 256945 429922 262237 470289 417414 134936 296909 17097 438799 485023 333526 32054 424322 481909 151768 260563 222424 243501 212850 408712 362976 134324 266495 96583 350647 106776 
174544 294777 136807 0 135697 311422 95860 91775 179637 329564 264293 71258 403342 170665 184798 285446 427687 108318 249766 257826 394485 282493 394471 318156 85020 279394 235938 370578 283057 172576 193426 340631 343853 258555 330939 270218 381515 188263 95526 54515 240698 158927 250142 302895 403523 252140 150146 189843 83654 511191 307142 157658 320242 109891 308718 161810 440506 237575 314661 326254 433749 352800 356432 302758 230106 232076 218676 253900 301751 254053 314540 104857 162026 162529 69304 337778 136997 197959 324654 127892 258626 109713 193045 168263 231282 395041 483130 151353 112220 71383 278040 122031 319842 51882 446658 389265 225479 218768 274557 144347 117197 395886 143589 252160 111356 129425 266690 286782 341077 348629 406323 376895 223730 366094 244536 340992 150597 143405 293015 446715 271149 133919 473303 174470 97388 321739 426482 151094 410563 307608 41506 176490 152184 434205 370475 342686 107843 411732 389075 72685 124770 99617 194527 148623 416334 291912 198030 319915 51133 352861 232168 
276902 401704 259296 135697 0 394041 138586 225611 311929 436591 399652 195485 402212 125507 304672 411821 532599 83796 295748 264757 473559 322653 394736 453603 80143 403749 371613 455170 251379 306610 262006 416042 433937 391128 429027 403539 498116 194931 206773 107674 335912 187103 233343 391967 412521 334345 28097 319152 200130 615760 332942 187523 354469 186405 326282 278395 555931 370686 390544 456879 524902 447097 420352 427243 298725 338460 337746 305517 288549 387151 432941 100738 189199 278269 178060 411352 185374 331083 417055 263080 393152 190311 278782 258393 360213 382150 588363 15952 67277 166563 404753 181478 383529 150648 557102 478813 196530 354050 305843 210160 22474 461636 78158 387439 166365 261362 291223 422344 424601 479678 522702 415713 255468 482018 368094 332136 178309 243510 317382 542379 404247 179710 572447 83514 180334 454390 529253 35869 471060 312722 168511 189345 276169 535927 358582 456465 235705 509662 412311 113760 102129 37134 291401 245657 525719 353154 333166 450222 186694 462636 362489 
140485 87695 356488 311422 394041 0 255805 257584 328131 97306 277234 246469 250117 303904 384792 185985 158743 311488 125075 202679 83069 125410 242526 303802 388403 171538 283475 61150 278116 311236 132318 35133 44982 357420 62067 242736 171341 226520 217163 364692 75971 214757 248675 22002 226556 60370 420579 202129 230256 234242 157297 213538 137317 211467 176766 169401 209570 232520 21435 235041 131952 63780 70344 178326 97454 102966 148121 110911 243736 350132 146383 413791 213743 167279 355754 36830 209244 229437 38520 259482 256750 208961 119201 143408 196337 273207 209753 403206 410718 368443 186566 212753 58118 355339 194249 85984 271637 304688 147853 183984 389208 96006 333250 270833 227936 318397 164545 321906 30592 250428 187564 142090 166766 158135 164152 242887 221798 168462 160980 152416 358484 214983 185154 357844 392587 254469 151098 426293 116721 204973 272514 223845 357665 155025 260039 134414 331687 124596 185648 383893 298017 374464 118647 162874 164932 69531 256130 229191 295009 121279 362254 
142636 265900 222035 95860 138586 255805 0 137119 248257 300402 301935 96122 308913 92434 269287 289754 395186 59278 167304 162982 336218 198052 300180 354767 143431 279479 280116 316955 188805 236488 124456 279071 295356 322149 290907 295520 365506 92419 88030 131697 198029 64965 154695 253381 310882 195883 164796 206256 89011 478002 217653 64083 234061 49991 216867 153076 422098 263513 253281 340296 386353 308584 286605 302438 161880 203657 210792 174646 205891 316338 302527 172626 67988 152232 164773 274746 50267 226370 278507 174689 290316 54861 140360 120977 244093 299410 450811 148816 160635 167003 283370 43056 249420 146961 421122 340283 132760 272888 186257 71836 133637 327673 91434 289568 27869 203153 175912 334624 286394 363377 389689 293539 134060 349212 244210 245389 56016 110418 202785 403825 332721 45278 434064 123722 192684 342593 391436 170504 339067 213205 87598 80784 235037 397920 274817 322829 190332 371281 300024 151909 55848 119710 154660 111010 389570 219436 237358 333203 125497 327145 301997 
118460 220741 106114 91775 225611 257584 137119 0 112797 253988 174627 41134 406118 229002 146576 196105 351090 179160 233830 269496 338708 266529 396883 228651 174463 191470 148334 311543 315810 99843 169046 290765 281681 185031 262740 178512 297426 213898 62790 140457 181827 178798 278261 244098 399344 204395 241680 99831 53164 433457 299095 176757 304591 112099 306444 89601 356450 145819 266297 234748 367216 286730 314767 214424 198117 162813 137308 232738 321031 179232 230342 188834 181536 91379 102995 289613 150210 106189 261587 39022 167541 107673 151638 128373 140939 406227 405342 240855 202348 118535 188568 133334 281163 111880 365838 325475 264639 136784 266399 138794 208316 350428 216598 162297 132768 74461 264635 201546 284495 256998 322047 353103 223587 282723 157934 353620 173878 99594 287629 376467 195679 150672 399948 249743 139385 229968 351472 242836 368378 314136 58411 201300 113236 359794 382721 261367 76714 340706 375820 153686 187438 190571 140711 106849 336739 257931 107983 228511 47008 274367 165951 
205961 265193 66757 179637 311929 328131 248257 112797 0 291164 118691 153531 511054 338661 62179 196526 377736 283388 335196 379443 401196 366396 501810 164051 242645 200502 86476 371465 428446 16983 270532 363220 339482 79215 312921 146158 307711 326516 173984 208176 254993 291328 390704 309872 501343 286362 320938 127007 165717 453021 401635 289256 403163 224497 411242 167537 362407 124873 342093 208617 412410 338210 394026 217324 292893 225173 182062 331499 431936 75320 247742 243976 294013 170091 140791 363958 262631 104074 319867 81865 126006 219838 245075 226096 148256 514184 426100 327872 269354 157093 189639 245901 365005 165912 380983 377613 377381 55309 369940 248889 291228 424137 320379 110557 245542 50585 370635 120437 349569 225552 329667 445016 331487 296719 180421 462605 286612 199957 391665 414618 92377 263312 430804 352540 160676 192991 381613 319536 444569 421901 162809 313946 53173 390690 491260 283706 77759 379563 473619 211560 295091 274820 225872 207003 357064 346965 79908 204992 130088 302715 53838 
159905 35074 335365 329564 436591 97306 300402 253988 291164 0 210810 258557 347315 367540 352607 109554 98126 359543 210385 289503 126568 218365 339792 224602 413319 98394 226342 97545 365045 275543 192208 120309 70104 299947 38227 172714 76373 297452 235825 383972 104888 276876 332072 78281 323208 124588 460671 168312 246362 181658 252763 275141 234211 250839 271822 168256 124772 174207 118535 147658 121362 57056 159212 94836 168809 98659 117663 196682 335250 293080 57451 434331 276796 167303 356970 125923 262534 187137 60851 241127 191118 246570 163227 179546 143573 370401 153645 448247 438889 372407 113283 259963 155280 363946 120720 91685 349077 254081 239091 233614 427170 167661 387896 207900 274021 296637 254040 252738 93112 159316 96346 236436 246243 61775 110745 338361 281725 193387 254735 124653 297645 268052 146006 416678 393148 169824 97567 464946 190137 298925 288082 291625 331875 105808 356710 37117 317318 88986 281564 400887 351120 410569 145741 190941 89195 164248 211809 143006 298967 28090 312894 
199731 195738 183941 264293 399652 277234 301935 174627 118691 210810 0 210332 501788 393643 175915 101801 281373 351256 328442 391727 334680 353959 492874 54024 341367 112484 32543 304542 454977 111311 271614 310929 273329 91796 242066 38516 204727 357552 214242 306104 218674 323679 416333 255783 485511 255307 414118 102457 213320 349092 392130 321436 385534 262052 406346 165108 254049 47711 295941 93470 328663 265849 347542 119841 279267 183763 137485 320139 445668 85655 156670 348946 325613 167262 247032 313866 296332 76414 256390 136574 20493 256423 237296 228764 83522 513400 323729 415081 369286 264446 97538 282591 327053 268006 276965 302458 413712 63885 364850 273071 381483 368637 388356 12430 288530 155749 371376 44891 290148 107866 223696 413212 340384 197090 113283 467237 322238 213012 386174 324931 87414 299223 334906 421674 273445 75071 287570 414450 390827 424446 232920 346171 171711 296705 493219 191651 185490 292465 450505 314329 356365 363906 211136 217925 257493 318144 66644 91370 214100 213390 113233 
106633 223889 138415 71258 195485 246469 96122 41134 153531 258557 210332 0 372559 188261 182527 217211 356680 140979 204513 232763 329277 237692 363375 264083 156003 210136 186146 303999 275870 140926 141539 277600 276042 226100 261314 209440 310562 174134 31191 125462 173138 139328 238707 235980 367745 189116 214508 123670 17736 440114 267951 137363 276065 73492 273617 90572 369489 176604 252090 261404 364912 283833 297422 233625 174661 161674 147692 205353 283178 220240 243723 175800 142166 91342 110464 275492 111127 137447 256451 78728 201024 69732 131717 106802 164766 370545 412033 210010 182702 122138 209985 94031 262053 109077 375400 321130 223888 177004 234925 103511 180438 335263 178208 197903 92180 111967 231298 240185 275255 284233 335375 328048 189125 295046 174826 317333 133878 78851 255539 376909 236599 111058 402857 211510 146886 259531 355690 216840 351640 279009 29840 161496 148315 363518 346681 271465 106734 341675 347016 142448 147566 162706 127923 85301 345091 236341 144226 254738 50684 281639 206919 
309046 334675 510664 403342 402212 250117 308913 406118 511054 347315 501788 372559 0 276719 552683 426416 386554 330428 176668 145966 260841 148108 9250 539229 444055 411428 497617 272311 157192 494964 240606 230860 283961 564703 310674 473658 419403 218416 344067 439281 285026 244495 168871 270434 30730 248333 429193 405637 355804 439440 110508 245706 117416 301052 99885 347936 448722 454098 228793 479791 328498 303339 195628 423106 223491 319611 364488 182689 113982 557510 394745 474199 241404 345380 470157 224210 267412 435676 287008 429537 482412 303782 269177 285416 418633 37231 423310 401840 453209 474669 425046 283712 192041 455129 425781 299303 206064 508746 141177 269060 411365 212780 324082 492462 292400 480461 141506 545937 259094 497326 432676 118939 183468 407268 393043 70555 253070 311115 119403 355474 569985 269855 387774 326353 500731 496616 375746 437628 200001 95757 382531 228839 519237 375400 49355 384428 479233 345592 72401 459026 307751 405504 292996 304051 401747 188535 459754 473329 419554 369914 558254 
220220 334962 306116 170665 125507 303904 92434 229002 338661 367540 393643 188261 276719 0 354098 373962 456362 65547 188582 142385 376315 209976 269292 446043 177327 362436 372424 363042 127866 327657 176185 318901 347639 413831 350655 385385 438333 80327 179403 183825 262666 90862 107865 307549 287644 249146 152541 296007 181353 536439 213528 92501 237351 133700 204486 238987 492064 353921 295335 426663 435357 363927 315262 384572 206808 277093 293450 200802 163059 408161 379453 206541 91248 237717 237929 313147 107471 317660 333922 266962 381345 139360 204791 192882 332064 257067 510569 125632 180621 234881 368100 115780 280271 214448 486520 389737 71200 365216 190075 136587 135972 355932 47488 381325 106415 291758 173509 426980 333240 449609 461506 298261 144745 422024 328193 206639 85871 192003 198139 456301 424672 102590 488736 56628 257692 430844 450799 160931 361999 188447 175988 80373 320518 456102 233299 394818 275497 427007 289994 200629 45932 132843 226162 190323 455009 250383 329570 419455 211568 395398 392499 
255695 325745 48039 184798 304672 384792 269287 146576 62179 352607 175915 182527 552683 354098 0 258616 439891 293092 379503 415133 460045 411813 543446 215208 228080 262678 145027 430615 456398 77089 314466 419675 398791 109694 373162 206520 369725 355491 209015 197028 310160 321237 420090 367448 545494 339374 308286 186442 198079 515109 445239 319351 449519 256016 452967 219024 424014 186831 397507 268163 473666 398445 448765 279393 340810 282306 241230 377477 465683 109870 309900 221785 324153 221471 126661 419926 293439 165523 378953 127890 185818 252200 293124 271802 210203 552485 488238 320416 251945 138799 251772 276300 418050 154087 443020 437969 401868 112375 412701 284908 282611 480614 328164 169367 272745 72280 411209 167354 407612 283768 391493 495129 370067 358858 241960 499573 315145 243846 434043 476408 123797 292995 492918 358213 132093 250981 443697 305246 500464 460534 181836 342867 34410 452762 528814 345838 79005 441227 520628 194327 308582 268119 276885 251121 419236 397895 142003 265007 143826 364715 75373 
155324 99392 251329 285446 411821 185985 289754 196105 196526 109554 101801 217211 426416 373962 258616 0 182927 346870 263279 336408 235038 282781 417971 118141 369871 14989 120956 205227 407288 183000 218861 217418 174948 192490 142833 63392 111278 319926 206244 336401 143585 290430 370020 163986 406509 179188 431673 96280 211752 256497 320798 288286 309049 241664 337500 136693 167439 71953 206384 55983 226956 165609 255651 20833 213704 111622 80704 252236 388473 185892 55012 384914 291520 137528 292615 221348 267488 99367 159676 169392 82773 236188 182760 184916 55847 443237 229663 425803 397496 309701 7623 258213 240693 306604 184483 201209 376383 151474 298235 239441 397565 272174 381144 100193 268745 214870 308626 143184 194022 77531 133869 327016 286252 100327 45782 402415 291933 181981 317979 224148 189123 271897 236481 413401 325736 70206 188046 434046 294646 360005 246045 310563 244011 197208 425569 90610 240807 191025 368152 349713 345379 379868 156129 183775 160970 238063 117766 48850 242928 111910 208941 
256949 132979 427332 427687 532599 158743 395186 351090 377736 98126 281373 356680 386554 456362 439891 182927 0 453897 283764 361271 127254 282358 380579 278743 511349 177311 303632 115089 436483 363193 280313 161154 114043 373167 105736 243338 79478 381976 333752 482099 197235 365611 407415 149888 358385 207407 557215 261028 344432 83648 310411 364077 286705 346259 330172 266323 67263 254522 174645 197101 70191 95015 191643 162835 250933 196309 213911 269590 400229 366937 129994 532458 365120 265403 453908 168317 354429 275572 123586 335710 264092 342287 255568 274342 230127 415784 55838 543766 536781 469624 189160 353643 206180 461668 39327 87258 429580 334401 305492 326211 523962 177375 480433 281845 368169 389099 322720 317473 135644 197551 70590 267886 324694 84363 200491 394136 371435 290362 316528 51194 368098 360092 53614 507830 489779 221107 11890 561740 195785 359525 386208 377829 422249 18088 406936 94123 411553 41174 315023 498982 443936 507584 241211 287444 26995 226543 297906 195708 396556 77142 391637 
201859 325112 245077 108318 83796 311488 59278 179160 283388 359543 351256 140979 330428 65547 293092 346870 453897 0 212271 187651 390246 239917 322359 404900 114829 337126 326908 372514 189858 274008 179187 332629 352275 360791 349202 348379 424731 115241 141660 118415 256662 103568 163847 310479 337514 252307 111501 259982 139182 536470 252597 103894 272864 109242 247676 210351 481376 315827 307272 396074 442903 366183 336559 360278 215442 262935 268853 221812 219300 355622 361471 144769 105780 209713 173603 327831 102274 277403 335993 218154 341354 113994 198528 180018 299235 314627 509421 91765 122933 169716 340279 100350 299735 149391 480251 396769 131268 315594 224122 128461 84749 377842 37447 338825 85729 234577 210461 380599 341969 419155 448943 333912 172894 408445 301631 262115 94649 169400 237096 461160 372503 96551 491876 70616 192211 396943 449909 118388 387395 237345 121928 107952 260235 456235 290271 382097 215526 429141 333470 135691 22827 75725 213819 170223 448680 269358 285200 389080 153668 386368 336935 
132492 185956 339784 249766 295748 125075 167304 233830 335196 210385 328442 204513 176668 188582 379503 263279 283764 212271 0 79156 189003 33228 167478 369507 310612 248573 322107 179148 154831 318906 65058 132627 170007 388158 182504 303154 286702 108321 174083 295709 120260 108704 123716 135895 166289 87907 323663 229923 186937 358431 66483 108410 71600 140070 78205 171298 331544 280816 111535 318914 251582 188750 126795 264496 49925 151912 192891 14176 126760 380987 243648 339469 106551 168748 310472 126344 117283 259834 161162 254179 309747 140957 92723 109115 246524 185050 334545 301862 327611 318338 260460 129163 91809 300689 318622 207475 147434 332207 36430 105546 296206 167726 225333 318483 142458 307290 45518 371857 151172 338960 306198 127315 44224 271610 224538 139818 117674 135889 58020 274637 393695 122042 308197 244819 344525 332509 276161 330657 175524 97067 220408 109324 346848 279914 164869 244977 309297 249190 142523 316076 194037 284477 117566 128671 288556 62456 283429 311942 254297 237742 381695 
192015 264370 370999 257826 264757 202679 162982 269496 379443 289503 391727 232763 145966 142385 415133 336408 361271 187651 79156 0 258232 81772 137303 436641 299491 322077 380937 252919 75728 364333 120425 205115 247229 441235 261399 370388 365786 73140 206714 293445 196066 98923 48434 214770 150084 166194 292599 289947 217090 433651 72723 100270 98699 159506 62102 227758 410513 344972 187109 392380 324279 266441 189866 339549 124424 224998 261316 93057 54009 434359 321036 329602 95821 225419 325357 198270 123543 318710 239653 297758 374317 163033 155967 163202 312985 138349 410707 266939 310435 329208 332860 140417 160609 309494 396857 281937 81438 386046 58118 130805 271052 227593 187483 380850 147629 343700 39686 433321 226797 413258 385354 157867 51378 350613 295025 84666 107278 183180 58115 348618 448540 125326 382529 197638 355166 404186 353182 300622 229270 50465 239352 82990 381029 356416 114151 323860 339099 325372 147797 313284 165525 263362 183001 176977 367119 135441 339654 385258 277211 316897 429849 
222928 139737 434822 394485 473559 83069 336218 338708 401196 126568 334680 329277 260841 376315 460045 235038 127254 390246 189003 258232 0 176467 255355 351153 470997 222660 346684 30266 329898 384596 211795 57764 62223 421125 92613 297324 177558 296638 300170 447682 157108 290199 306525 94643 232014 142842 500543 274199 313209 181482 196459 289252 170245 293436 215718 249532 192594 294295 83018 273636 69133 69590 70829 221344 174839 178782 219145 175952 288481 414025 184001 496653 288782 247576 438105 63188 288185 298892 81370 337546 314497 291192 201992 226391 260133 291652 163060 481954 492900 451081 237957 293249 98113 438248 166541 42583 335004 371576 200123 264515 469855 50222 409403 330472 308426 396249 218554 377755 54252 283473 183620 141906 233186 170480 226383 275567 297997 251496 205781 95735 420187 293856 129233 431796 474984 296202 115932 506564 70018 245564 355543 296042 434727 114821 284989 156988 411432 86110 188742 466931 375287 455574 201355 245942 146056 126547 325248 269283 377389 135900 430297 
161878 198150 372575 282493 322653 125410 198052 266529 366396 218365 353959 237692 148108 209976 411813 282781 282358 239917 33228 81772 176467 0 139088 392749 341477 267856 349526 171814 154929 349952 97491 123859 168689 417144 186578 326748 294422 130259 207185 327660 139415 136909 130070 140673 135118 103684 350710 257612 220094 352699 38327 136933 38379 172996 54940 200912 334972 306249 107755 337620 242698 188384 108739 281890 75452 173217 216961 35019 118338 409915 257645 370621 134451 198339 343637 116906 148561 287670 163635 285840 334757 174022 122018 140498 271065 160754 330341 327803 357571 351368 280670 161292 78948 333585 319014 200989 159946 361211 23729 138498 324454 147771 249819 344484 174108 339683 42088 397961 146891 356656 312140 95496 67192 280140 246727 121128 146150 167980 36464 267315 422133 153023 301289 266604 377575 352764 273724 357987 152167 80586 253584 133731 379373 276452 142846 254485 342232 245261 109437 348036 220532 313485 145024 160714 290197 56013 311989 330849 287521 244539 411951 
299882 326667 501458 394471 394736 242526 300180 396883 501810 339792 492874 363375 9250 269292 543446 417971 380579 322359 167478 137303 255355 139088 0 530526 435789 402982 488561 266061 151223 485723 231369 223989 277004 555548 303342 464892 412247 209939 334850 430710 276336 235675 161430 262669 29206 239680 421820 396556 346603 434644 101384 236864 108922 291937 90635 338759 442311 445177 221257 471492 323360 296481 189293 414856 214430 310868 355620 173601 106986 548358 386771 465934 232588 336205 461182 217268 258419 426588 279637 420288 473533 294642 260020 276190 409764 38491 418099 394587 445205 465781 416536 274678 184522 446278 419750 293323 198869 499591 131944 259883 403620 207796 316583 483508 283461 471221 132282 536985 252167 489158 425818 113539 174303 399959 384333 63952 244292 301868 110164 350321 560864 260906 382838 319453 491859 488177 369866 430223 195756 86976 373457 220244 510009 369697 45727 376909 470040 339706 67844 450494 299724 397556 283910 294806 395376 180245 450625 465002 410435 362649 549036 
245290 217532 230736 318156 453603 303802 354767 228651 164051 224602 54024 264083 539229 446043 215208 118141 278743 404900 369507 436641 351153 392749 530526 0 394419 132304 83331 321820 502386 159785 316229 335549 292322 113378 259931 66416 199331 406804 266827 359137 254203 373571 463916 281833 520972 290929 467829 151593 266524 337005 431075 371329 421988 313567 446443 213325 239575 93446 323906 81791 334447 281577 373691 129824 319682 219702 176633 360056 490267 109895 167254 401025 375355 215276 298382 339415 346809 128422 277658 190551 64855 307903 280835 275123 123683 553341 313906 469056 422255 315648 117239 333692 357442 320278 266856 314903 463337 109261 405620 322413 435319 389957 441908 66371 340361 206019 413660 49498 312028 84255 213649 443975 385304 195849 146194 509228 372665 261973 426434 326396 102811 349986 330921 475222 322995 57729 286751 468035 412465 466398 286931 395762 216939 295597 534173 197953 235868 297061 483898 366702 409542 417773 253976 266334 252822 352318 120667 84111 267783 220329 143840 
255927 378372 184718 85020 80143 388403 143431 174463 242645 413319 341367 156003 444055 177327 228080 369871 511349 114829 310612 299491 470997 341477 435789 394419 0 364172 311151 448736 304224 239883 262643 415383 423516 320998 412736 351141 466491 226351 177685 35281 320923 206431 278595 381906 449507 328194 80206 273872 166982 594961 359814 205963 377246 178214 357331 246305 525458 318959 389292 408992 514232 433728 426984 387476 300418 315180 303628 317438 333924 317735 399545 30144 209246 246900 103161 411826 193337 279686 404857 207492 337932 180009 269213 245410 315207 429287 566964 94915 28040 89326 362411 182779 389830 76804 531189 469064 245868 289605 329105 210013 57750 467563 133765 329647 168562 192992 317688 358564 418651 431029 491302 436954 276827 451027 329453 376478 197113 223396 344648 528435 334649 188601 555923 153210 100512 403038 509735 77522 480313 349792 126163 217103 201807 517266 404866 427429 164924 493874 441956 34136 137626 48740 274587 227703 500684 360449 276573 402851 129024 437136 290470 
142945 85532 252673 279394 403749 171538 279479 191470 200502 98394 112484 210136 411428 362436 262678 14989 177311 337126 248573 322077 222660 267856 402982 132304 364172 0 128882 192668 393311 186234 205061 203332 161963 201817 130150 74689 109582 306920 197406 331173 128734 277946 356201 149554 391558 164240 424202 92325 203653 253378 305852 275822 294060 230868 322600 126791 167420 77774 191803 70399 217705 153518 241389 23514 199082 97129 69050 237437 373973 195036 47414 380184 278951 127417 290000 207122 255570 99958 146134 167140 92724 225465 169049 172191 54594 428278 226082 417493 391604 306876 15385 246830 225924 302812 181980 189990 363231 158154 283429 227241 390056 258740 370913 109593 257778 215421 293960 155095 180403 91327 133263 312305 272099 97027 35686 387593 279723 170706 303107 216396 199263 260105 230571 402927 323867 85195 181609 426831 281165 345222 239370 297770 246293 190740 410661 83549 240329 182487 353279 345116 334897 372434 142630 172112 156744 223086 120818 63377 238467 103745 216414 
190474 206953 151410 235938 371613 283475 280116 148334 86476 226342 32543 186146 497617 372424 145027 120956 303632 326908 322107 380937 346684 349526 488561 83331 311151 128882 0 316418 441011 78771 262215 318042 284608 74483 254581 62322 229185 341658 193653 275870 219104 307070 402318 262753 483090 254905 385108 92190 191105 374527 387253 304840 382897 243229 400312 153239 281024 52449 300910 123140 346548 279193 353187 140796 274131 184821 137555 314989 434931 67345 175552 317775 309211 155623 215377 320306 279013 62467 266535 109472 41195 237714 229606 217943 87336 506957 348486 387200 338960 232724 115273 264342 329840 236974 302215 317138 397024 32724 358478 257678 352897 377314 364249 24344 268914 123567 363472 54670 299356 139213 249533 414939 329944 220077 120634 459059 304821 198957 380124 344928 75101 281421 357236 397514 241164 106565 308979 385124 399108 416527 206702 329863 139341 318142 485920 211474 153376 311324 449949 283388 333462 335459 204727 204581 280874 318054 43116 120122 185190 232391 88014 
197370 109471 406197 370578 455170 61150 316955 311543 371465 97545 304542 303999 272311 363042 430615 205227 115089 372514 179148 252919 30266 171814 266061 321820 448736 192668 316418 0 326729 354922 193328 47978 32075 390859 62525 267290 154200 284501 275576 424269 130944 274831 300541 68029 244827 121340 481728 244518 288369 180885 196858 273700 172293 272373 216557 222056 176532 264029 67985 245116 72568 40590 76786 192008 157769 150269 189497 165379 287940 383758 154957 473695 273675 220195 411903 55021 270245 268892 51662 308975 284330 269736 179643 203361 229894 300850 159009 464257 471395 425293 207994 273903 93338 413077 153959 29276 326545 341369 195463 245134 450339 71808 393704 300251 289086 367517 213458 347739 30569 255834 163171 154405 222638 145509 196136 279542 282131 227190 204201 95759 389946 275976 129617 417624 448806 267368 104971 487440 93844 246212 330967 282712 405726 106238 291857 129683 383384 75154 201547 443216 358737 435539 176330 222017 129515 117801 295192 240544 351306 109504 400115 
257332 339275 409851 283057 251379 278116 188805 315810 428446 365045 454977 275870 157192 127866 456398 407288 436483 189858 154831 75728 329898 154929 151223 502386 304224 393311 441011 326729 0 414611 188568 278760 322464 496016 337120 436771 441258 101930 254900 306980 269670 137146 38697 290492 174756 241255 277148 352520 262739 507613 135252 139243 162586 203991 117770 289879 486238 409436 261980 463207 397202 341817 259975 411789 198500 296817 329857 168777 48250 489469 395054 333813 134516 287756 352359 271772 165899 379890 315299 348637 438715 208786 224743 227312 379486 132054 485212 248979 308486 352551 403250 182544 233620 332039 472360 355917 58746 442286 131359 183563 263517 295190 174725 443548 183960 387576 113780 494735 301496 484636 461004 214409 121662 425983 364444 87522 142005 242294 124284 422114 504614 165145 456113 171603 377145 473603 428183 285791 293648 89995 274925 114511 421994 431167 109764 399110 377889 400026 190094 325128 167406 260676 251697 237103 442749 210103 398530 456005 313373 392521 480913 
189240 249055 72828 172576 306610 311236 236488 99843 16983 275543 111311 140926 494964 327657 77089 183000 363193 274008 318906 364333 384596 349952 485723 159785 239883 186234 78771 354922 414611 0 254374 346316 322968 86785 296674 135557 294278 312720 159775 204948 238017 277469 376674 293059 484963 269395 316991 110406 152170 439301 385372 275368 386600 210634 395206 150716 349682 111996 325133 198416 396664 321966 377052 203832 276251 208290 165452 315022 417071 81774 233262 243309 280098 153275 139960 347024 248712 88435 303298 66592 116199 205833 228468 209791 133235 498536 412200 322505 267097 156886 175944 232144 348031 163703 367441 361420 364325 50872 353808 234043 286414 407242 311236 101979 232446 47193 354795 119299 332825 216346 316615 428144 315997 282878 164873 447194 273042 183978 375561 399327 98795 249612 416082 343745 163210 184143 366811 316039 427640 406282 152498 300200 62115 375857 475737 269084 76702 364138 456967 209938 284745 269634 209026 190966 342967 330070 65430 194380 121997 287740 66318 
71987 160934 275118 193426 262006 132318 124456 169046 270532 192208 271614 141539 240606 176185 314466 218861 280313 179187 65058 120425 211795 97491 231369 316229 262643 205061 262215 193328 188568 254374 0 154623 173887 325764 174576 250015 265118 106020 110580 243156 88041 85340 151160 132631 231293 73937 288817 170444 123813 361084 131223 83773 135567 84885 140965 109301 316978 224654 128828 274718 263970 188963 164424 224278 37814 109668 141538 63980 174194 318685 211168 289949 84975 106836 249925 150389 76927 199759 158749 189271 253981 84051 36175 45068 192597 245926 334844 270930 282879 259165 214709 81600 127356 242675 310407 217847 160281 269949 99435 53066 258085 204920 201675 260925 96732 242276 101735 313744 162782 296319 287459 186574 69075 248995 175911 196905 91197 70865 121207 283030 332009 82664 314568 227794 285063 285125 275033 294778 218084 154550 160229 99484 281904 280627 224167 221603 244926 252203 206793 263246 165975 244013 63184 63676 278940 98634 222029 267501 191978 220241 317829 
172787 118078 390780 340631 416042 35133 279071 290765 363220 120309 310929 277600 230860 318901 419675 217418 161154 332629 132627 205115 57764 123859 223989 335549 415383 203332 318042 47978 278760 346316 154623 0 53176 392132 82207 275778 188966 239497 247631 393152 110073 232442 252901 55318 205011 88670 443123 237261 260948 228854 149422 231489 125589 237331 169169 203393 219290 266784 26093 264190 119383 72492 39034 208097 117355 138076 183183 119189 240126 384857 174035 441597 231037 201202 387555 7168 230685 264501 59891 293962 290436 235374 147587 172455 230780 257294 206866 424302 436714 399738 218567 236207 45443 385949 199285 77218 279664 339645 147529 207556 412678 60957 351645 304873 251352 352858 165586 355434 28291 278145 201833 116504 176581 177604 198212 233038 240233 198938 156345 143513 392965 236335 177457 374211 424271 284599 151662 449234 81607 198689 302683 238564 392271 153595 246787 156740 365503 122367 162494 412684 317538 398620 150632 192914 172732 70514 291195 258698 326864 140161 397314 
169599 77786 374955 343853 433937 44982 295356 281681 339482 70104 273329 276042 283961 347639 398791 174948 114043 352275 170007 247229 62223 168689 277004 292322 423516 161963 284608 32075 322464 322968 173887 53176 0 359075 32516 236383 135824 270957 248436 397929 103170 257825 293518 42030 258182 100064 459982 212577 260918 189495 198402 256503 176274 249087 218107 192080 167779 232266 60994 217251 91175 19970 90854 162806 140831 119466 157595 155853 286886 351954 126588 447722 256971 190323 382825 59750 250432 236821 20173 277831 253035 246036 155825 178443 197932 309857 164795 443721 446900 396597 177338 252502 94903 384998 150330 45548 316600 309353 191629 223948 427945 97940 375538 268764 267580 336206 208724 316826 24887 229415 148874 169322 211710 124769 164199 283354 264507 200618 203466 109146 358349 256180 141107 400977 419711 238878 106157 465360 120471 247006 303657 267877 374196 110053 298541 105179 352635 79780 215590 416536 339833 412645 149362 195910 121972 112721 263116 212304 322430 87411 368076 
255675 281388 139129 258555 391128 357420 322149 185031 79215 299947 91796 226100 564703 413831 109694 192490 373167 360791 388158 441235 421125 417144 555548 113378 320998 201817 74483 390859 496016 86785 325764 392132 359075 0 328924 129987 296321 394609 241833 286857 291140 359370 457634 336897 551784 326201 399786 160661 235792 440082 454212 357207 451835 292994 466052 216912 344178 126831 374450 182253 419317 353430 426835 211264 341796 257458 210357 382234 494822 7337 247499 320617 361839 219449 218314 394235 330637 130833 341015 148435 109742 287881 295527 280734 161693 571689 415070 407073 347305 233918 187514 314592 402433 244195 368158 391115 447746 55957 424175 313146 370358 451631 398020 92341 316281 129801 427486 63932 373778 192444 314716 486732 391265 288885 195105 522056 355683 258145 445986 416391 14265 332083 426702 430503 234172 160738 379300 398177 473349 480106 239193 382278 122564 388442 549794 282920 156221 383516 520189 289223 371317 354011 272291 264561 349238 389141 105346 181299 208445 304398 34324 
156820 48052 351753 330939 429027 62067 290907 262740 312921 38227 242066 261314 310674 350655 373162 142833 105736 349202 182504 261399 92613 186578 303342 259931 412736 130150 254581 62525 337120 296674 174576 82207 32516 328924 0 204765 109375 276878 235566 385400 93189 259882 305889 46629 285988 101969 454243 186766 247322 187318 219293 258342 199277 242711 238696 173740 149127 202136 82561 184776 104476 25292 121033 130325 145956 100293 132513 168432 304627 321871 94098 435610 259408 172281 365161 87988 248999 209345 23770 255303 221893 239063 150677 170779 168708 334814 160562 439713 437170 379679 145486 248852 119010 369361 137260 64824 325860 280329 208389 221058 421433 130455 374996 237942 263578 312874 224367 285214 54885 197239 125660 198551 221400 96620 134929 304917 265705 189523 222532 115789 327719 254687 143777 402147 401880 206361 100826 459129 152987 266647 289951 272375 349948 107036 322025 74569 331020 81236 244019 403337 338614 405484 138806 185759 106468 131141 235237 179796 305486 59412 339209 
179458 159208 207860 270218 403539 242736 295520 178512 146158 172714 38516 209440 473658 385385 206520 63392 243338 348379 303154 370388 297324 326748 464892 66416 351141 74689 62322 267290 436771 135557 250015 275778 236383 129987 204765 0 167506 342352 207670 316233 188810 309728 398412 221003 456015 225609 420188 89397 209200 312554 365071 307495 356617 251922 380241 149042 218706 32875 262094 62911 290159 228204 313056 81359 253365 154066 110262 293831 423950 123640 118173 361736 311376 150831 262614 279068 283642 72463 219988 143658 21207 246242 214504 209468 57425 487207 286765 418522 379180 280124 59498 271338 294431 281011 240274 264399 399062 94846 339312 258281 386744 332531 384746 38894 279071 175399 347248 80454 254032 82115 187378 380927 319083 159205 80969 442841 309348 197847 360199 286487 125931 287132 296923 417916 292115 51980 249329 421312 354853 400006 235062 331600 197620 258475 467884 153149 204145 253950 419702 326574 351040 368973 187604 201779 219823 287632 76647 58874 222170 174873 149247 
222873 104206 362047 381515 498116 171341 365506 297426 307711 76373 204727 310562 419403 438333 369725 111278 79478 424731 286702 365786 177558 294422 412247 199331 466491 109582 229185 154200 441258 294278 265118 188966 135824 296321 109375 167506 0 371044 292448 434820 177080 348420 407926 153848 393968 200332 520684 200524 301121 145545 328210 346568 308634 315514 347453 221153 59083 182895 191931 117827 140813 117215 226384 90446 244218 162260 162871 273035 411579 290347 67160 484639 348603 220913 398063 195393 331713 209416 133132 275955 188623 310742 233671 246693 164175 444128 119304 510747 493255 414658 118382 327179 228268 409306 73309 135410 423802 260946 315376 302473 486685 225566 455246 206382 340417 324978 330409 239001 160682 118324 24813 305039 321883 16345 139864 413870 352545 255570 330706 128525 290503 337021 131770 485278 432556 141770 88074 524199 246972 374903 340376 364492 355161 96675 431374 43571 349830 103646 351414 450002 418427 469490 212788 254508 53593 239757 229004 116793 344264 50084 316729 
165193 266838 309490 188263 194931 226520 92419 213898 326516 297452 357552 174134 218416 80327 355491 319926 381976 115241 108321 73140 296638 130259 209939 406804 226351 306920 341658 284501 101930 312720 106020 239497 270957 394609 276878 342352 371044 0 153093 220965 193985 35278 64629 232169 223189 174947 223002 255489 160810 460407 138038 37417 159860 102086 132436 193509 422132 313370 216554 374991 357025 288118 234939 327433 131045 214342 239882 120782 113513 388146 316687 256462 32771 191615 256978 233569 64057 281585 258565 246872 342337 106947 139694 135161 285859 207178 435190 198767 237643 259411 314999 80615 200092 239313 413936 311808 56798 341368 111548 84492 199477 275612 119943 345793 82764 286008 96326 395874 255146 397302 393171 221129 64420 354957 275146 153234 40355 144838 122480 378759 403501 63225 411672 136778 285025 382811 375682 230702 281946 123494 174986 12643 321086 380473 182563 327563 277445 350700 218289 240631 93703 190916 164776 140585 382738 170365 298811 367716 213487 325539 379032 
